%YAML:1.0
cameraMatrix: !!opencv-matrix
   rows: 3
   cols: 3
   dt: d
   data: [ 1.3481798923594874e+003, 0., 1.3479237440817756e+003, 0.,
       1.3461285382711301e+003, 9.1413707898931830e+002, 0., 0., 1. ]
distCoeffs: !!opencv-matrix
   rows: 5
   cols: 1
   dt: d
   data: [ -3.7903554241105902e-001, 1.4998998935900867e-001,
       6.3391702465870380e-003, -2.4405157046973316e-003,
       -2.5825984803316555e-002 ]
